0000222202202112020022001121000221202100020000022010011001210012010202010011020102000000000102000022020002002200010201001102002220002002211
0000000210002020211021022002100000010001212020012000202001011201120001001122011002110012000000000120201000020222200201012101002201000022112
1010200200020220000100202011012001022011000000202002021022102010022200100000210212011200010002201001120010000101002000000111210002200200202
1020022100001200200111121222120020011212202201222010101000102110010210001120012000010202202002100201102000002012000011002010002000100202022
2012200020020000202220000021010211010222212000210202011100000100012022100010001001011002000110200201220021100011001102110200202010010012020
0210120201002202100200010012001201020022011200200202011000201010011002011000010000002210100021222101000002222002010012202000010221020111220
0120201111200200200200222000101011220010010111100000000200000220211000101022101010021211120000220000000001012010020121200120021002200201010
0100211102100002021212111120202010102200020211121220110021000100011100002000220010120200210000200100021000122122010212200122011000212000101
0201222122202011010002022201200200011102100221001021111102200011000011102101010010022000020200220210021020202101202212000002000102010202200
0110002101001000022000102220011222202022200102012101210112210220000220010000122100012200000001000220000220111001012001221010210020221012101
1211000000202110200010002102202212001200010011100220000200000001201100122011022221220121020200021000010102202020022110020101000201001022012
0000001121110012000120001100002110001101011121120010122210020101210002122100002122200110012200001222110011121000022100000220222002000121001
0102021201200112101010210222111200102001020221120100202000000010202010012100002200101011022010202001100000202102002220001010200200010020022
1011120010001000122021002022210100202000001111220212010212011210011212020212100001001020001100220111001020000220020221020000102202210121000
2210122120002210011002012111220100002020102120120020002000202022200010002222201100122000101000200200001120002100102100102002020121200222002
2210200001020220110101010211000220000101012110220020100102110020010102210102220020010001010120102000102202101000200011210001201002101011100
0100022200020001110200102000000222210020000201222002100200210001021020002002200112000120122010010100102222001102012010211000000111001022202
0102100112200111022020202112020120010100102120100200022100202022000111210200021101211010000010000220222200221000110010000000200112100020002
1200012100010202122021012221020010002212010221100202201211210200222010110120112002002100020221220012000110121002012201222001221202200110111
0100220021202020111100000101112011100010002100201000110200020220012000212120012000202100220020110222220102000001011000000211202201102010220
1221100100210001120100102020122010101222200110011120211110012201011110000001200200000000110210201200212001001000202001200001102012000010000
2120000000210010121101102200002202020000110120212022200010112002120020212002101100111000022120002021020100202101220002002200020000011020120
0000100012222201012120112212000010110022221021101100200002011222010211111222221110021220222200020220000201220202012110020100102011000011000
0011120200002011220012001001010010000022101120011200000200000011200221121111200020000020010220112001002220012001121222021002210021221211002
0021021210101100201000100021020002010220022100000020202000200102020001200211000002200002120020200111000000002101010100100211100020021201001
0212002112000000200021000000202220010100012012011002120202000002010200000001020020110200202011110101021022220011000222021110001022000221100
0010100200121220121012200200010200100200220101210111112002101002002202210102102211020010222022102210002201000202021010100021201002102022001
1102110100001121100011210101011012022022002001002220001010012020011000000110020001001200100000000012020201000122200000002112022112002001100
0120212001021210211020202212022201100220222002210010002100000200010121010202100102000210022001022010100220210210210022011122020220102010002
1101001100211021010000000000220000001120020222221220020022122012200111220002202100020220120002111211221220111012020222001220100011000200022
0100110020000020000020221120101010101000000020000102112000100020012120020011210100101000001200001000010111022022012000021000001120020002212
1021001001100220120001202220110010000002021200000202000012020200112000111102012012111000101201210221110111020000220202000222000110220010010
0100200100010200001201000100002202002200020212002121000000000002100021010000012200000112201101102000100000102001220100000000000120222210112
0210002200000002220210120110200110100120210120012220202100021201021002200002001200010200000100010120000200101010022002010010010212200200001
0012100211020100020010021010021112020000002002102100120202010000010010210122010202210001100102001200220010110102002001121212002000002011020
0121200021000101010120000112012021002220122102101122210011220101200012021020000010000100101002021000000010120120020012112101000020100000002
0221110201000012002022021020101002112002000002221100001002122020222021020212002022000222201100112221102112012000102121020021200000111020010
1002020222000220200020000010112100110000010010000002000002000020011201100010012110000020010001220002002020221002102102020100210002100120100
2201000020212000220002112200001200212102001211200100101020201220020000000000000101121001021201210210000100020022010110200010021000200121112
2000100220100110002200200220210021220012000020200221200221020211101200002110001102001002000102002002010000201012000001020201200000122000220
1220002100000020000100222020001000001220000000010010010012201100000212000010000221002211101202011222012010010001022000200102210020111012221
0012201112220101202201000001121112102001101021012202020201201211011110101101000110101200201102000000000211010200012210021011001002010110000
0202000010000100100100121011102100001210012020001102000012202000000002111200010000001000102100101001000100011001000000000000020022102221100
0010110012010100221100000020020000100020012210002011022200100000020000100011020000201200001200002110001012001222001001200020000200000222020
0010001100012102011001221020110000100001100011212010200100020200002001011001122020000121121022002011000010201002100000120012120201000100220
0120011120101002210202021110101222200102000100220210001222220010002000210012010000120210202010000000011000102010210212212021000012120200221
0220100122021210100201020001201100202002100011120010000100001010221101220000021120120100120200010001000210000121000101200210000122020000000
2012110000002200022000000010102210201022112112022102022111001102121022020002010001022012010200010122210001002220012100221020101010001202201
2102011000220110101001211101111101011112020100000100010020000021202021220210000102020002220011000010100120220022121000220000210200121101100
0200100122110102010020020010102110021022010110000010010210001002020110000121020001102011220102020100101201122020000200020120001201100100100
0020001012020211021200011022100212110000000221112200021020221011120001111200000110120020111200000021222210011110001001000012000121222120112
0200110100101121012010002120201000202202000220200220100200000101020011102002010001000002020001200010002002002101010010001000000002001100000
0000200000002202002110001101002200120121200020110202020010020002211122111002020220210020210112101021202001120000022010120020000122011100000
0102000000201212202020101011000022211200000202021221020002022111000200010220000011021100202000021120120202020201100102020102210002020010000
1122012210210222101010120211100202011011220201021100200010002221011100020011022100000000120210011102200102100221000200012000001200020000021
0200110200010111120020100020120020000000122000111011110200210020000220111002000220002210002000010122222022022001202000100001001100002120020
1000200012220022000101100100122122200001000002120012001120002201110002001121010000001120202020001010211100110011221012002100000202202222002
0200002022010002020210222010122101120221000100010010111011221102000020212122012011000000010100002202022012010020001010000121111122020201202
2100001002000110000020000000000101000011010120000010211001000002011000012021202000101202101000201200202022002210020000001200101000011011021
1000010002000200020020022010220010002200222010020000201000022210121021210210001010010110110022122012000100201200200220021000212122000221002
2020000202102010100000120020102211002220010000011000100010000022022122202022022200020112012220100101102001201020000220111201001012221000220
1001002002002100022210002010211121201200200010222010200122110201212010222020010011000001012101000020100000100110000102000201100020111002001
1201200200110000001100200000200100021110021100100002010110001020022001222220100211002020100200211022200000000102000010000011102011201021210
2002211212021000011102102020020122210022010110000001222101221022010012012121122202012002220100120020210020201120101000202021000212200020000
1201122022100021012220100101001000001220210002010020020000001102010020000201010001012011000200201002001210210012220200222200101001021002020
0011000212022020001000020200200211002002000022020022110012000000110021010200122000010100002000002100000200200001201000202012210121001012102
2111201010021000011000220000020020121100121011010010022101200002020020120000210200012200222201000200010102000020222212000212221100001021112
0020022212102011010010110112020000000202000002000002002201010001102220002020102000211111100120020012000021102020020201200010200020101000020
1021011010011000001120100000110122002012001211102200002002201001122100011010220202002001010112000020022102201100021010001020002202000000010
1100210011020220001021000200220002002000002220020002220020212010010010010010100210102000100102110022120222001100000110200020101100210200001
1111110221201222202220100000000002010120011021002021000101100110021000000002020202202022220022002010110002010010120100222211202101022101002
2120100121101100000000000210000101112001002102020012110022210020001220020102020201010100000010002012001002211100002002012001112001202010220
2220011010110221212011202212210000112001000010200102122122002010212010120020201000010022001022120121220021012001000100220202201201001000000
0022010111202102220200001101211001020000022100111211210200100200202000201022220002122110010101000220022200001010021002211001111021211100000
0002000101200001002102122100002002222000012112000102000012100001000002001001100000201002000111101210010200010022001000100210001121000200002
1120000110001111010001112122100020210200012202011010100100002220200011021020010200022220100000212000000022000020001100102001012200111021002
1010212222010000010221020120010010212122102000021211100020100112202222210220101000010021100002012212020102201212000100200120210020002020000
1110201000021002120200110100202010011112200102200002010020000221202011120000011221100022010111012001010110201001001002111201020202010111000
2000000002200222000002002000210002100020121221020100101010010112212020100121001000111020200010000201012012102200000020000001121102102100021
0220001222121202021220000001002200200000200020021002222122011210000202000020002002020000012112112210001021002000010000100010000100012021011
1102022200100122000101021102011002111002200101211000202220020000222000010100022000220200010221210002020020100011201000200210111001121120010
0000120001101200000100021220101102122211100200110212021110002100020221120121220011000220202000102222021121002100000111112012010200021000010
0110011110221012010102010021022010212221000020002100101200100011021021002220112012010002000020002001101021021110000020000202212200211210010
0010111021102002002201220002022210002202102001111102000012200120020210200022020002202120002000211200002011000022202000000120020020020110000
1211022012002202020202110020012020101021200101022220201022010000200111000120011021201020200002110000012022210002201010001010211101012001010
0200120002000100000101121100112110000100020000100020220220002202002201010211120200000000120020211010210120221122210100020012120102102200012
2112002000022210211002011011201100200000020000122000220012022100000000010210000211011020020012000221111210001000001022000002120022200000102
2110200110020201002100020102012220000120110120210200000120100020222002000020110100112102022101002202020002102020001000002210011020200210010
0201100020001000220010122122101001100100022202100020022110202110010000120000222021210101221100210201002200200000000020001020102102200210220
0220010120000100220001001000010021010020200010110120201000210100022000010101000100011000020201111202000000020111200001200110020022110111111
2010020202222000210100001110000221201000022201202110221001100112000111022000001010012100221110110020000200010100020221010210110100102202210
1101102102001000012102021020010110200220201000010111010122100000020110101102200100021002200110100000020002000200101112001120002011120200211
2120210210201121120201002100000020220022022021000001110020200221100012100000110120220210120012112110112202002010010222110020001202110001021
0020012021121010001200000010020200022101220000000000002000120000200022011102200200200200010010020100020020011100022020100020200010201011221
0022201020200110220020100010212220000122122222002202020111020011020200101220220111220220010010212100010010000022200020022022020210202220001
0002001000200201122102010002000102220201222000022021111020211110100212020202010021012121002200222002011100210210211010110201111022120201222
1101101000102210110021102011020122210021102001122011012200201102002002002000211210102000202000002001001110111102000111000020202020222121010
2012110000220110101021001000001101102000122000221211100011000220120022221210000010200100001001000010000200000000100010100102202120002200122
1022021012010200002020121001002102220020100002002210200202200101112021002201012010000000002100020200221020000002202200000001020110200021000
0020022011101100120020111000012011000100222200012020001000200001000000222002022012010110010001201012101200020020110212201002020200000010102
0020120202211122000002210220000002002011101020212010022000200221102020012020221021102210200010002120202200122221121100002001011021021101202
0200012000100000002222010110221002022201100021000101121122221010001010210220201100220000001210202002000001202220020000100001000200000210012
1200000002222010012102000100000002100012110010100201102021221000110012202100200202100020000002020120210201122010201010001100000020021101202
1012200101000002120221212101020000000210202010221011021202020200001002100100001200112221020212112201000000001100210100111110202012201010000
0111000000110001201221220120210120002220001000020010100120000001001122110021011000201011210001100001001010110020020020220010002000210100000
2002000211000220010102100121020022002202020212220102020102010000121220210220002120012010000021110210120122000200001001000102222010110201100
1022200000202000020002000000020102001222002010201201000220011220021220002010200012010102000100122102120000010011101010120200002022222012000
1201100200200000010020022000112001002010001002121201000000210002010021212022020022011022100011020120200100211202010002100001200000010201020
0020000011220000020010000022000200020112200010000010202020122202010112100100020021000000200021210111200010102000111100122002202210100200002
0000020222200212011000000120020010102020000020021021220102012202002001010020200010001000001021001110100120220201022000200010101200202020220
0121000120020010011100201221101102202000211002121210000020121022202000012112000212200010012010022200200102010201200010012212020020120122221
0200220110000202020121000022000000210010111021101100011110020000002100012211022200101100000010102022000110011202002210212121100110122200201
0002002002020020101201012211122020000002010010112010001000011000000102021022100210100200000221120021201100221010210200000100021200211000200
2200020000020201110120022010100000202001000221210001000010220012010210022201101120020010002001222011021001000000000000100002202011212001001
0101001220100222100110110000211002010120020002000100010111100000002020000100210100220012120111201112102220010202201100211101122211000022111
0111220002000100100220100110000001100012001020011100102112011202212220001202202101021220012001000022201200200220000200200000000220000002201
0001020000102200000001110201000221102102011000101000001201002010100100000220001101002001200112200200000000001011201121000201100020000111002
1100010101000010101200200000210122112021000221002012000200101220221020001100120202200000211021200000222020100221210000022200010222022000201
2101002212002001000110210000001020100000001002122020002012120000001200002200100210110120111021112221101202000100101021100120202000110222020
0000100000200220110101201000000210000201202020100200211000000000202100020020210012002022010111200200001012021100220201000000002100020101002
0112020001010200001011000022210011100222102001000120000110220000110000111101211112021001001200010210111200100010112202202210010121010021022
1022101000002100100020011202110201000102001110122020000001110000200011201200201100202020010201100020000220022000122120021002000000120001210
2110020200011221120201200200000012010012120112000100102101200001021012000010020122102021001000102020212000001000200210001211110110000012200
0020200201021010201022200211020020212102210100100001100220001120100220001202211200220201000012020021102002021220012021002021201001000000121
1012021201212202100000002000021200210010100201020120011000110200000100002010210000122021021001002202120122020000110022002001021202102020222
0101012020002121102222002100110020002002020212020200101001120212112222021010220100212111221000001200101102010220000100100121100001120002110
0021000000011020000021112020210002001111010111210201000020120121000220220022210221001021210101120020100022001010010102001011010202202000100
2002202002000001210212000000010102002020200212212000211021001102110001100100010211221221122101210200110002000022100021100020021002002010210
0111001022002110200101100000210001022101010020021210210020122010212102012000021010020002001122000100110200220020000000000120200222001110020
2000121001212101210200001010210020110001000010220220010002120220022222120200001021001101121212122001020220102212000001200200020100111101222
0212100010220220002000010102002110200002021000010010212001001011121102200002002001121110202100012012100000012111002000012020000000011202020
1100020011100100200020011000211122101100101000002002000011020221122010011210000211011100000022020000120010002020212001022020011222001012002
0102100000010001100010002222102020200120011102110020001220201120001100201101011000001102010201012220202020001001120010000202020121000200210
2002110011021101112100002001100021120100021101001122010101001220000100110201111021022210100222020021010000022022000200001220222222202000011
1002002020201022102120020202021100102000102020002100000000020200000100020120021000020020220100102022000010201120201200110100010012212200200
1022200100010000102010101200102201001001011012212121010002100000100012210101000011002202120021112001122120210200220021022200120020200200000
2001100021012120011021020102212210101000101000202201202001222001122220011001112012120112212100002021000120202102200000100002100000010220211