0010100011000000010111100011000011011101111011001110011111000000110111011011010001000011111011111011
0111011111000110000101100010111010101111000000010110101010111001111011110100011101010100000111000000
1001100101101000101100101101111101110111000011010001000101101001001110111100100111100000111110101001
0111111000000001111011000001111011100111011110010000110111010010011110100110111010100101011101101101
0101101010001001010111011101110111011111111001001000111111000011101001101011000111001001001010110000
1010011010000101010001000001001101011110101110110111011110101011010010100000001000010111110001001101
0110000110111111110111110000110100110111111101101101000100110101111100000100011001010101101100001100
1011010110011001101000000110101100101100101001000000000100101011011010000110110010110110101100110010
0000011111010000000011101011011111100001110011010010111001001111011001110111010111001001111011000000
0101011111100110100110011010000000100001001011111010000100001111001100011010000010111000110101000011
0011111000101101011001001000010111011111010110010001000010001011100011000011111010000100100000011010
0101010010010101000001011100100110100000001000100100111000001000100000010101111000010001010000011011
0101101001111110010001111111011101000101011000001101111000110110110100011010100001010000010100100001
1110111111110011010100010110010100000101100111010010001010111100001001100101001101001001000001011100
0001111110001000110101000111001101110111100000101010001100101111010111100011111111001010000001110011
1100111101111000011000010010110111000101111000011000001100000010000010010110111011001100000110010001
1001101111110101010010101110000111010100010011100011001110000111000010111010100010111010001101101010
0111111011010111101001000110000011011001010100110000101111010010011010101000000010001100011101110110
1010111111010111100000101011010111100111110101101001010011111011110110011010000100100010110011101110
1110111000011110001011101011110011101001110010110101100110010111100011111111101101111011110001011100
1011001100101101011011001011001111101011101000110101101110011010110100111101111000111010101000111101
0011110011111111001010101011101001000111001110100111110110100001101001101100000010011101100110001001
0100100010011001001111010101010001011000110001111111110110010111001101110000010100011100011101111001
0100000001011010011101000000100111001000110111000101010111000011110011011000110111100100101001111101
1010111110010101111111000111011101100101010100001011100001010111110111001001000000001101010000010011
1011000110001001111111110111000001111110000011010101101110010010001111001100100101001010111101001000
0010100100111101011010001110111010100110011011011011100000100110111001100100100000001110001011000111
0110110110000000100000000101100101110001100001110110010010000110110011110110101111001010101010101011
0100101001111000011011010001110011010111110111010110011101100011111101010001000100101010100100111111
0111011001001001110001010100011001000110001101011111011010111111011001011111011110100000101101110101
0111011111100010111100010100100011000111011111111111010110111111101101101110011100011111000101001111
0111100010100010011110101100010110010010011101011001011001000110100011111111101001000011001000110000
0110110111101110001111101011010001110111010101111101001110110100110111100000100000101111011010110111
1110000010110001011000010001010101001001100000111001101110010000100000111110011111111010111011011111
0010000000101001001001101000111110010011101001010100011110100000111101001110100011011110110101001010
1011100111001011110101111011110010110100000100011111100110011100110010111110001100001011010110110111
1110010001111111110001111001011100011110100101110000010100001111000011101110001011101001000101110010
0001111010010110111010100101101011110000110110101010010110010100010110111001110001001001010101100001
1101010001100011011010110010000001110010010000110101101101111100110000111001110100001100110000100111
0101011001101000000000100100101011001011000101011101110111110001011101100111010110101000000011000010
1001011101101110110001010001100101011001100100110011100001100100011111000001010111110101011001101101
1001011001100000011010110111100010010010011001011011111110110100001100110110110011101000111101011001
1000001110111100101111101011101100001111001011001000011111001110101010111000101010101100011011110110
1001010010010100010101000101011000000100111011010111001110001010011001000010111100101111101111110000
1000101001111101100111100101111100000110001001111011000000000010100000110110101011110111000100000010
1110111111011110110111010000111110000011101100110011011111101010001101101101110001100111100110010101
1100011110011000100101011001110110010111100010011010100000111111001100100101100011011010000111111111
0010001110010110100011101101011111111000001001000101010000100111111011011111010110000111010000001101
1011101001000001111110100100111010001111011000111101000100011110110011100101101111111000011010011111
1100110001001101010000010101011101111011011100100111100011111111101010110001010011101101011101011001
0100010000111010111001111001011001001100110000001010011000010001101000101000001110100010110000110000
0100000000000001111100000101110111010111111000000010101000111100000010001001111000110110111000010111
0000111111111101010011110000000101000000111110110110000100101011100100010010011001001101001001000001
0000001111100111101001101010110010111000000100011001111000010001100100101111011010001101110100111000
1100000010010111010000100010010011011100101100111101011001100110011010000101101101000000000011110101
1110000110101101101111101101011001101101001110001001001100000110010100001100011110110000101111111111
1011111111001111000110100010011100001000111100110110100111000001010101010110110010000100110111001011
0000011011100011000111011011111011001111001111000000001000111011110001001111000000100000111000111010
1010110100000100011100110010000110111111110100111110110111100111110110011101011001101110101001100011
1111011011011011001011010110011100001011111100101101100000100101011011010001111101010111001101010101
1000110010111110100111000100101111110110011111100010101000100010000010010110111000111011111101101001
0000000001000101010110011000000110110101111010000110010101010011001010000110001101111101001010100111
1111001101011010010011100111101111010100101000011000001101010111110010001101011010100011010111000111
0100111010110111110000011010010010111110101010111100010000100000001100101110110010110110010011011111
0110000000110101010111100001100111010011100100000101101000011010000001001101101100110111011110100000
1111111000111110001000101011111001101110010101001110100000111110100001101000111101110010000110100111
0010000101010010001000111001011111101100011101100001101001010100011110100001111010111000011111101000
0110001000011100101100111000101111010111110010000011010000101111010011111101100101101100011001101100
1110100110110111010000000101000000111010110111000011001111001010101100111000110011011001011111110001
0001101100110111000100110110100100101001111010000011100111101011011100011011011110101001111101100000
0011011011001100000010011010111101101011000001101101111001001110111000101000010101110110000001110110
1100110100010101100000101001110010100000000001011111000000100011001001001010000110001111111101111000
1111000110110101010101001111111001001111100110011010101100011100010011110111011101000011101000101010
1100101011111011101110111000110010010100110100101001100001000011101111010010101101100011101110011101
1011001000100001110001011011001110011000000000000110000101100010110101001111100010001001010000110100
1111010010110000000111011000001010110100000011010101110100111101000000011110011001101101111000010111
0110101110110111110011010100010111101101101001001000010011110101110001000011000101101011100000110001
0100010110111111010111010000101001010101010001010000010000110001000110011101001000101001111010100100
0011000110000100100010101111011110000111000101000111110001001100110010111110001100110011000000100000
0101000001111000011111010111111010011111010010011110001010111001001100001000011000101111110101000001
1110011101011001011110101111111111010111100100010101000101100010110010010010001000001000010011110011
0100101011000110111011011111000011110001101101001010100110111010001110101111011111111111010001000110
1101000100111001010001011011000010101101111100100001011100101111011100110011001000101001000000000111
0000000100010110111001010100010000000010101101101111001010010011001000011110111000000001000110111000
0011111000101110001101010110001000111110110111010101111010000110001001111001010111100000101111000111
1011101000000011100110100101110111011110100001001001011011110011001010010001101101001110000111110000
0000001100110101110111000001011010101101111110010011111100100100010010000100101101111001010010000101
0100111100111101001101110111100001001000001101101001100111001111011011010001110001010111100110100001
0100001011101110000011000010001001000011000010001011111100110000000001111110111100101001001100001101
0111110110000111000011100010110001000100011001101010111011001110101010111011111110010000101110011000
0011000101110101001010000000100110111011001001111001000100011100001010001000101000111011000110110100
0010000111110011101101101100011001010100000110011001100111001000111011101010111101101110010011110110
0101000110110010001010000110110110111001010110110000001111111100001101010100001100001100000001010100
1010110101111010001101001100000111110001101011010110110111100110100010111111101100100001100100000000
1110000010000000011000000110011101101000111001010010111001001101101001010001010110101110111101100001
1110100100100110000000110111011100000001111000010011001000100111110000011110111001010011110001010001
0100011011101111111001010111101000001011101000010000010001111110101010100000111001100110011111000011
1011110100100010111111010101000011110111111101001110100011110010010000011101000010101010010111100111
0110010010011100100101110000100001000001100010010111111111001111111111100101111100110101111000000111
1101110000110000110101101101100000001111110101011101110111110100110110001111001101111110111101000001